  0.0000e+00  0.0000e+00
  1.0101e-02  8.7560e-02
  2.0202e-02  1.6571e-01
  3.0303e-02  2.3535e-01
  4.0404e-02  2.9730e-01
  5.0505e-02  3.5229e-01
  6.0606e-02  4.0101e-01
  7.0707e-02  4.4404e-01
  8.0808e-02  4.8194e-01
  9.0909e-02  5.1520e-01
  1.0101e-01  5.4427e-01
  1.1111e-01  5.6954e-01
  1.2121e-01  5.9139e-01
  1.3131e-01  6.1013e-01
  1.4141e-01  6.2608e-01
  1.5152e-01  6.3949e-01
  1.6162e-01  6.5062e-01
  1.7172e-01  6.5968e-01
  1.8182e-01  6.6686e-01
  1.9192e-01  6.7236e-01
  2.0202e-01  6.7633e-01
  2.1212e-01  6.7892e-01
  2.2222e-01  6.8026e-01
  2.3232e-01  6.8047e-01
  2.4242e-01  6.7966e-01
  2.5253e-01  6.7793e-01
  2.6263e-01  6.7537e-01
  2.7273e-01  6.7205e-01
  2.8283e-01  6.6806e-01
  2.9293e-01  6.6344e-01
  3.0303e-01  6.5827e-01
  3.1313e-01  6.5260e-01
  3.2323e-01  6.4648e-01
  3.3333e-01  6.3994e-01
  3.4343e-01  6.3303e-01
  3.5354e-01  6.2578e-01
  3.6364e-01  6.1823e-01
  3.7374e-01  6.1041e-01
  3.8384e-01  6.0234e-01
  3.9394e-01  5.9405e-01
  4.0404e-01  5.8555e-01
  4.1414e-01  5.7687e-01
  4.2424e-01  5.6802e-01
  4.3434e-01  5.5903e-01
  4.4444e-01  5.4989e-01
  4.5455e-01  5.4064e-01
  4.6465e-01  5.3128e-01
  4.7475e-01  5.2181e-01
  4.8485e-01  5.1226e-01
  4.9495e-01  5.0262e-01
  5.0505e-01  4.9291e-01
  5.1515e-01  4.8314e-01
  5.2525e-01  4.7330e-01
  5.3535e-01  4.6341e-01
  5.4545e-01  4.5347e-01
  5.5556e-01  4.4348e-01
  5.6566e-01  4.3346e-01
  5.7576e-01  4.2340e-01
  5.8586e-01  4.1330e-01
  5.9596e-01  4.0318e-01
  6.0606e-01  3.9303e-01
  6.1616e-01  3.8285e-01
  6.2626e-01  3.7265e-01
  6.3636e-01  3.6244e-01
  6.4646e-01  3.5220e-01
  6.5657e-01  3.4195e-01
  6.6667e-01  3.3168e-01
  6.7677e-01  3.2140e-01
  6.8687e-01  3.1111e-01
  6.9697e-01  3.0081e-01
  7.0707e-01  2.9050e-01
  7.1717e-01  2.8018e-01
  7.2727e-01  2.6985e-01
  7.3737e-01  2.5951e-01
  7.4747e-01  2.4917e-01
  7.5758e-01  2.3882e-01
  7.6768e-01  2.2847e-01
  7.7778e-01  2.1811e-01
  7.8788e-01  2.0775e-01
  7.9798e-01  1.9738e-01
  8.0808e-01  1.8701e-01
  8.1818e-01  1.7663e-01
  8.2828e-01  1.6626e-01
  8.3838e-01  1.5588e-01
  8.4848e-01  1.4550e-01
  8.5859e-01  1.3511e-01
  8.6869e-01  1.2473e-01
  8.7879e-01  1.1434e-01
  8.8889e-01  1.0395e-01
  8.9899e-01  9.3561e-02
  9.0909e-01  8.3169e-02
  9.1919e-01  7.2776e-02
  9.2929e-01  6.2382e-02
  9.3939e-01  5.1987e-02
  9.4949e-01  4.1591e-02
  9.5960e-01  3.1194e-02
  9.6970e-01  2.0797e-02
  9.7980e-01  1.0399e-02
  9.8990e-01  2.6148e-07
  1.0000e+00  0.0000e+00
